0 1 -2.9836870357601946 -2.1472250821228958 4.876823079981178 5.83864906719862
0 2 -3.7851272453667475 -3.49182162172185 4.8949352348635555 5.070311654192164
0 9 -4.209248873702388 -4.1871457570892625 3.869276356537479 4.205130971101579
0 14 -5.385826775132187 -4.949330368341032 3.039777683893983 3.145905615254873
0 25 -5.030115715491389 -4.933964359120791 3.1150802296881044 3.3534031185608932
0 27 -5.724696387229876 -4.771648948410581 3.0723294468879123 3.259198987475349
0 35 -3.7462605895230006 -3.0218774755534654 4.15486295860911 4.781191355328315
0 47 -4.246159309856457 -3.8082214947714235 3.828126022622547 4.112769370273004
0 48 -4.184371102644603 -3.8227570802576314 3.91784814258973 4.484469768918465
0 49 -4.055503777831106 -4.027898320623269 4.038753073420869 4.476944293196982
0 63 -3.9789182258927194 -3.7412121137426615 3.1182778666857995 3.682116379718091
0 65 -2.9277894856070565 -2.6932389643791588 3.9207019197765316 4.547136093871622
0 76 -4.413974481440456 -3.896663016278092 4.089219493554581 4.137113123605449
0 77 -3.863387611905316 -3.6400032151913684 4.028884365934853 4.551439772499965
0 86 -4.451746269826674 -4.122658340863307 3.6805187613569865 4.016009131360304
0 87 -4.626828361993469 -4.4074014455465935 3.304211966840168 3.613724332883917
0 88 -4.270199416967397 -3.2435449569159696 3.597200730064422 3.705891384377444
0 89 -3.5427988330074878 -3.434010968387871 4.849684967396715 5.173093795350819
0 100 -4.253400684435413 -4.063666630057807 3.9992804593896167 4.50307285089996
0 101 -3.727395047483371 -3.4518828022087686 4.33888904047759 4.865272145538223
0 102 -4.106732774383543 -3.2108820213998626 3.2435942902652304 3.2949469755933873
0 103 -5.316251589146708 -4.734225004820982 2.8176507056167144 3.4620151768954
1 2 -3.105044798514942 -2.141710172363947 5.382451163508093 5.578661605679915
1 3 -4.015853071487839 -3.8203140280896952 4.461867553190791 4.887045423148425
1 13 -5.062406890444775 -4.676275394833468 2.3115080119107505 2.894123640891556
1 18 -5.531167303300213 -4.965970416262892 2.8912949163443242 3.1495441123301404
1 26 -5.476074372443717 -4.8895937495577435 2.7468907613339972 3.2670333035156203
1 47 -3.7338208615575956 -3.303360838478499 2.739401399310131 3.174517886509021
1 48 -4.851632601445328 -4.662680333825283 3.2896684391867126 3.6856017708802558
1 49 -4.762336770016378 -4.452975908762847 3.395137490717786 3.974397284283048
1 63 -4.540702520816058 -4.269067906484571 3.9430591758302422 4.309519020974428
1 64 -3.8153691839474146 -3.546046592315772 3.37703254895588 3.800937920850702
1 65 -4.002785076117934 -3.7617063938124216 4.345720742410156 4.915146355374786
1 77 -4.657957141621675 -4.607325604852617 3.734752860314106 4.128182939349389
1 89 -3.2519350163604344 -2.8791827227145608 4.72810903985187 5.087928492377955
1 91 -4.339011913880502 -3.9479851602421285 3.7556034060788406 3.986863789529004
2 3 -2.8515205914018087 -2.7438347320121546 5.406708166297109 5.4813601369845735
2 4 -3.6904245158307 -3.394919818096852 4.62701512323782 5.019539502444951
2 32 -5.31218775441957 -4.6553249142510085 2.69108139035257 2.8586709450452408
2 41 -4.538855418149704 -4.17009280586328 3.9174698445696685 4.329892142391363
2 42 -4.470701485169595 -3.642093654249472 3.0107331768364816 3.5538457564428123
2 63 -4.181636900389472 -3.528628262624708 3.8376389424489905 4.031515679174294
2 72 -5.295039058019465 -4.7483770656283575 3.2331104305655005 3.388115599014107
2 88 -3.5016246957421417 -3.023126328156178 2.8736473692399613 2.9743902122700407
2 89 -3.01078780212119 -2.5901530968830784 5.154425529889767 5.6686550483956655
2 90 -4.496288789800198 -4.323219202943716 3.0968354096136714 3.8451367202045845
2 91 -3.3193109308456306 -3.0406133268287108 4.526116234754823 4.9345623513691175
2 101 -4.102210126579869 -3.7160803524229715 4.222811899917125 4.343960209443706
2 102 -4.290659747000455 -3.7055567407473897 3.371243874768724 3.484294851817747
3 4 -3.2168553758410394 -2.7429738943979385 5.157490962829377 5.883527020437426
3 5 -3.700056168342307 -3.2659557334567824 4.618003578155922 5.0048585677639315
3 13 -5.547281208598977 -4.944060250493674 2.534050321860084 3.0630848512795277
3 19 -5.4633687801804856 -5.0153050382253666 3.1675701963471172 3.3943386789348398
3 26 -4.793100467019397 -4.718671014578105 2.4071362618079752 2.859545335099966
3 27 -4.629901570794895 -4.141590467831723 3.4398327108412743 3.597376893160172
3 28 -4.923809856383022 -4.601311293888555 3.249232307050157 3.4400982933456823
3 41 -4.980830925127344 -4.436087753615746 3.5847821879960056 3.6944112308616646
3 42 -4.473465386167032 -3.748693419634198 4.012210875916038 4.593807282902042
3 63 -4.7952167494225435 -4.5709175775948125 3.5769917990708704 3.9727732159959843
3 90 -4.152679231466192 -3.818825857642664 4.184670850492274 4.284489817839646
3 91 -4.157104984900413 -3.8767762984316745 4.114145679260979 4.349008415874158
3 92 -4.244046120294292 -3.9511524434330454 3.812392232488185 4.4627190294482535
3 93 -4.242516069050493 -3.707291012455857 3.2697199391352956 3.6398306654635157
4 5 -3.086845663361629 -2.845230921496129 5.8448434027946305 6.102334801604917
4 6 -3.7439574266601188 -3.4435080782123904 4.903853112531101 5.3292031930520185
4 28 -3.5427382381870878 -3.0410666559999897 3.268614750050223 3.76270534713464
4 29 -3.3764717502260715 -2.649466083640294 2.876480783026451 3.337444432673245
4 32 -5.183366536251796 -4.311424016190855 2.7087629334857373 2.850326700868127
4 42 -4.124192924862572 -3.3708383090452876 2.997660905037946 3.551590641809359
4 51 -4.808275890466699 -4.790505466019291 3.4437985890933547 3.7179759439854227
4 57 -4.554655790643431 -4.531591435762884 3.7692691646006242 3.8395780703229945
4 58 -4.076055625927561 -3.4420829118354557 4.401444048171984 4.60162260914774
4 72 -4.776682055871803 -4.579109273573563 2.634038295337393 3.714395863381749
4 90 -4.361639642970508 -3.7934362066646674 3.5773240698136948 4.010595400039594
4 92 -3.8188870391999954 -3.3053898411782385 4.279623239708274 4.484101996008206
5 6 -3.1080996951024704 -2.738494267825453 4.94868713632001 5.837307133111046
5 19 -4.737843739779876 -4.555711813248386 2.9807997403339317 3.199041090375352
5 27 -3.797811814284303 -3.510214693664287 3.575578867670664 3.7033986147484605
5 28 -4.826707860019771 -4.717653665485005 3.6066114888063714 3.724410453826625
5 29 -4.579919547327348 -4.2703862511453465 3.6432392912355707 3.9110973345216133
5 57 -3.510856297331838 -3.2959745068918704 3.0880761978455205 3.267297982377554
5 92 -4.640454826850621 -4.250612419484593 3.6688371823466204 4.107978331903856
5 93 -4.3205420309570695 -3.5609267747363904 3.803268481327948 4.21420405034443
5 104 -5.134059806600624 -4.615821892572438 3.3685221333834736 3.575405203201769
6 7 -3.3328141971772833 -2.9068508799837898 4.956479469829687 5.442497932199881
6 10 -3.2154751776578205 -3.1023140457823746 2.898230839176843 3.5921725508676006
6 22 -3.8197849628063145 -3.7333070646230158 4.277799718467167 4.661313062031459
6 23 -3.686109025519323 -3.4181439033030614 4.083655433159582 4.4325809952931685
6 29 -4.032659992954288 -3.615585766812297 4.293469970463365 4.460926286931677
6 44 -4.5524522456845045 -4.399545412432783 3.9579991648588906 4.016661421358097
6 45 -2.198982826883573 -2.0575063716821633 4.090170775345441 4.4106711334055335
6 57 -4.6985567651535955 -4.673204182208865 3.333265407171634 3.5961536923452453
6 58 -4.062860599896101 -3.8995028232927225 4.3782350028520085 4.756447793086069
6 92 -4.730252541074191 -4.6479515338424475 3.365424052891591 3.9121204534761156
6 93 -4.521856385105262 -4.137922997227819 3.5746519362621636 4.031304214869029
6 95 -4.551881230235735 -4.338900129906797 3.214482342721669 3.7967396322573235
6 104 -4.373241819539873 -3.557100301973147 3.6318630469610813 3.824689016906278
6 110 -4.105532216812753 -4.007869730929174 3.882156507587686 4.3502127392960634
7 22 -3.285797333181718 -3.183449084751893 3.7142955945609373 4.306833939367229
7 29 -4.47039970564375 -3.6210405404349864 3.0829582293165463 3.739112677548232
7 30 -4.8253454043137145 -4.6162547474724125 3.3195798056591572 3.6124273694687665
7 31 -5.258232558371723 -5.174466351087892 2.976413891458288 3.1740824750683085
7 33 -5.263512356412565 -4.504565931654111 2.5694407865424447 3.2619885432774973
7 34 -4.699850399543528 -3.9261053957297425 3.1545435966194715 3.8297178195581263
7 45 -3.847161125504345 -3.389720848365055 4.2366716684042816 5.094016816260012
7 93 -4.928360201419899 -4.791204819414379 3.361336665679199 3.493512817460783
7 102 -4.873048737808884 -4.584050572040407 3.206925306025161 3.4867724909791282
7 103 -4.8571710528230225 -4.351829486316206 3.190727854657154 3.5546923425601347
7 104 -5.302146003630241 -5.165714048206995 2.9834078737342513 3.422087577499366
7 105 -3.4169837716616565 -2.93404992042146 3.082764982984533 3.80092382230892
7 106 -4.3899047121527905 -4.330286183630039 3.092969909710998 3.8701718587780922
7 107 -4.678498899825669 -4.475306565738784 3.593999600480053 3.6864018534557546
8 9 -2.8886463667451636 -2.6753650146649846 5.395452871990342 5.982971981077158
8 11 -4.796601892349865 -4.408061537882761 3.2802193587778645 3.4884629830201397
8 12 -5.230119339998133 -4.95431923288556 3.2528353527861804 3.536339502053065
8 14 -4.933374536422758 -4.541288572163928 3.2375143137377984 3.848350544762494
8 16 -4.844857975382125 -4.497262775655827 3.337213275355834 3.967435080757012
8 22 -2.9616185106099024 -2.6546253445753107 3.1138430031832556 3.537525188085954
8 24 -5.222492748806371 -5.094051386830129 2.905886546964159 3.3787845789304556
8 25 -5.067438538743115 -4.501778655504109 2.7825255470517867 3.079642726222295
8 34 -4.86542600160252 -4.796078930893832 3.6512248612394735 3.900291851654704
8 35 -4.5633753098416685 -4.199099726273683 3.6086603967239683 3.915208259672611
8 45 -3.5801638311160184 -3.3821786028846854 3.52963616165731 4.047074246475043
8 46 -3.0173419789409563 -2.8035292539033416 4.779409933393806 4.829988557332227
8 47 -4.185963844764525 -3.733010052303437 4.083389534368608 4.151791340880852
8 60 -3.6564810820196887 -3.440351744058698 2.94082319864229 3.0016751929617125
8 68 -5.055170324870035 -4.959302163656711 3.15817442233698 3.439256727398789
8 81 -4.008480323946489 -3.205189994288792 4.153613610598162 4.213404710777178
8 82 -4.516445917839827 -4.298858739831136 4.12232049711053 4.255563077543077
8 83 -3.863629186017916 -3.665333701380338 4.242367394016784 4.270640783872105
8 95 -4.6510314386830665 -3.885925495009468 3.069359652327946 3.1914322725638438
8 106 -3.3579751776191116 -3.0729036759150774 3.0792920779094097 3.171356545316205
8 107 -3.999438110264584 -3.72900617454599 3.005554726798142 3.0553523343952125
9 14 -4.254561887992512 -3.5761835069064825 3.9548667627135483 4.5330253316013565
9 35 -3.8340864137404282 -3.167870895506 4.220485928291242 4.936052590816379
9 40 -4.600250223218499 -3.898568022812891 3.382219008400485 4.268068331869138
9 47 -3.691724899956873 -3.363354881255442 4.790436200763356 5.05466212012064
9 48 -2.937008980565432 -2.6680381205969868 4.144341195526739 4.50832241360896
9 49 -3.506999245267934 -3.0422776462648655 4.142246055741519 4.832264608274098
9 53 -4.4360815731181304 -4.232541454314785 3.674179649134086 3.7624903342902893
9 59 -4.06793217584153 -3.262092326684487 3.8629747579297833 4.468194944103847
9 68 -4.034021996528768 -3.814592599493734 4.213086132849339 4.454894905010378
9 69 -4.292824341490341 -4.045658092820578 4.0470245490179755 4.414384096183359
9 71 -4.057891537903018 -3.4037374296965046 3.6798565521447584 4.168279809135947
9 83 -3.4421739273392316 -3.325444701092824 3.503537780587948 3.917404189557994
9 89 -4.082468238323627 -3.9568086994940574 4.288946980291822 4.995971136867319
9 103 -4.596482469716881 -4.475213551975349 3.664235083664604 3.981087554852148
9 105 -4.248350144173228 -3.88451116855866 3.2316996125859805 3.877218676136568
9 108 -4.61663327657028 -4.566898272788384 3.717927497950422 3.811433896316905
10 11 -3.363436957431762 -3.0292329966270906 4.59599403906544 4.831182205398227
10 12 -3.858520081455404 -2.884559045504872 4.171091758253442 4.841809763400107
10 22 -2.9300488060733874 -2.7805716406519503 3.6227972014939804 4.294563697095941
10 23 -4.285505333124983 -3.9644965967276393 4.219347900754611 4.609649151343794
10 44 -4.835887551064233 -4.596438366032569 3.503061125794615 3.7847944827816575
10 45 -3.539325942913397 -3.328521291644003 4.271972053612185 4.897380900581183
10 57 -2.480356130406867 -2.378183594640336 3.401698747770427 4.1141546335106005
10 58 -2.9154075802620323 -2.7111939500018374 4.298106845450437 5.125815732757881
10 62 -4.762208718955305 -4.6282009125280155 3.8470227787934306 3.8784993122620772
10 63 -4.769278052749675 -3.969174562310058 3.4054512782638273 3.754804706351751
10 64 -4.792925899171503 -4.41045106703265 3.7275867488678194 3.9951317871971788
10 65 -4.2105968022363625 -3.60228520120842 4.008463508198897 4.802355746450946
10 77 -4.960998521878241 -4.590394051269534 3.5593443145275274 4.053669590920918
10 95 -4.402819104998651 -3.5666110449062214 3.2918468324642802 3.9325286908398893
10 97 -4.88132795771761 -4.279908231760753 3.6400839911594116 4.034781269139414
10 110 -3.310703031878839 -3.2402551883492654 4.875499888054629 5.472335226102103
11 12 -3.754807216866893 -3.338585261276442 4.598800676656275 4.689595140387545
11 16 -5.028376561892949 -4.9138040636780245 2.7114501103196367 3.2548177752965763
11 22 -3.746767667662675 -3.609221673956636 3.191690507010907 3.3969693736280013
11 23 -2.181167830279957 -1.906932784876599 3.906739041159252 4.410325669029131
11 24 -3.2155339566786347 -2.9797847479979525 4.430597176882741 4.622185133913724
11 36 -4.285603815832002 -3.50823777757762 3.9837690192494644 4.2367080565071475
11 37 -4.850534198729456 -4.333153663964005 2.2720202692173945 2.509498085015125
11 48 -5.359632945178236 -4.983566958644133 2.7608053481174575 3.197605069642805
11 64 -3.5060503383729658 -3.3106193490972333 4.894270821447878 5.1570766503634085
11 65 -3.811327767443126 -3.385421669059654 3.967667811772989 4.542877837743655
11 77 -4.447970600745214 -3.92718323887311 3.9250384502509985 4.30004393479474
11 82 -5.125168586464357 -5.067940087269847 2.642658828352991 3.236264462076292
11 95 -5.344274925449785 -5.224456393513977 2.9556082571415736 3.012456872456848
11 110 -3.8383616650585757 -3.421767275907445 3.7857866953305606 3.995960288490469
12 13 -3.0510519374259157 -2.854828689943597 4.5337092808858515 4.681351374508528
12 14 -3.599814727866051 -2.9912936203355436 5.015621678160541 5.364603156703906
12 15 -4.230848439984419 -3.469845287595583 4.3949500465958025 4.615280352413196
12 16 -4.4158131153898985 -3.8431982520930275 3.4519988570978284 4.172100872432056
12 23 -2.6498601338524432 -2.1879787545840874 4.93711521934308 5.269825552791798
12 24 -3.864636980088775 -3.6856451798675116 4.067828392166337 4.412205734939732
12 25 -3.6345509381093093 -2.96196098994294 4.653313325844791 4.847523840276751
12 26 -3.6364793252531786 -3.2512330572815746 4.182197391646621 4.521690994005725
12 64 -4.488137857018583 -3.864477943601379 4.242129576069372 4.716550583083252
12 65 -3.9515017798692864 -3.6458316711845855 4.575522157958088 4.727852183714029
12 68 -5.23085297625722 -4.516654443705467 3.3470985218258122 3.9005795895244746
12 82 -5.28819770092321 -4.753592698499503 2.9711029370074216 3.1867213950574254
12 95 -4.8913251883443545 -4.020255716767358 2.6233883390043635 3.0018534948385187
13 14 -3.7637548071762232 -3.52463222732532 5.178958404941323 5.277814287333424
13 15 -4.218882006113289 -3.956360595454945 4.0208923635157925 4.187283997241875
13 16 -4.351192571094583 -4.124132714692519 3.9933723610412497 4.145048860496451
13 17 -4.242067943399178 -3.689099231863317 2.3114126401378536 3.4619439773163525
13 18 -5.451440870188912 -4.734925363476769 2.9316328577830517 3.4677351958634497
13 19 -5.3129411228594705 -4.86235973283539 2.998314779821355 3.315918040882154
13 25 -3.997561075685116 -3.8064989751650087 4.774504080534092 4.968992970274906
13 26 -4.1010405490677195 -3.8347832902193884 4.065760606020131 4.287502861737035
13 27 -4.3012050043451255 -3.7856916644490046 4.320841864781993 4.506916094280034
13 65 -3.6833941152927308 -3.1162290229153813 3.9397819747966314 4.570959902564919
13 91 -5.192610471426969 -5.152878516940137 3.2146612808981923 3.3225824957098324
14 15 -3.6316948687050736 -3.445455091658825 4.6026406412058645 4.988081587242601
14 19 -3.95030678236287 -3.5389678879982633 3.2814292437730255 3.9501290432295195
14 25 -4.1222424166986045 -3.886912065263712 3.8455836868863265 4.3194996115381565
14 26 -3.5167213225089067 -3.126811940153451 4.692893605832829 4.99031829645214
14 27 -4.127989004982151 -3.9886935386273707 3.230233273417831 3.8728509556199087
14 35 -4.674244153099523 -4.411110668659828 3.8619504575428296 4.1492260383571296
14 68 -4.272159602115989 -3.4385386287519957 3.335405591997674 4.062310746151167
14 100 -3.9503031680244898 -3.5331858026213214 3.9899812153509804 4.544389960615147
14 103 -4.9892333734790295 -4.819241543506039 3.2981097396806507 3.6276839765032896
14 104 -4.116879782776389 -3.4779557929144524 3.326621880256431 3.76088451647909
14 105 -4.775954706731688 -4.116147935765703 3.877460953172042 4.038698040559838
14 111 -4.832167612693168 -4.2903386236925245 3.4316389114198405 4.111177997913975
15 16 -3.661912203060964 -3.061947246168796 4.711089433626163 5.145807612195598
15 17 -3.774314512634105 -3.4228948933311916 3.1862571698420563 4.058209626112278
15 18 -4.454096262436799 -4.264186409816902 3.6348950437099883 4.133959120621156
15 19 -5.2025708482131945 -4.6397470811771315 3.225694242171108 3.764335265695294
15 20 -4.803407146812475 -4.59183891668783 3.7628068816476117 3.926464225653662
15 21 -4.601520664796018 -4.211291619162651 3.499927286881302 4.317925410115597
15 67 -4.269271422144334 -3.949647685236493 4.039636373732365 4.673722303291344
15 68 -4.2080023423571475 -3.9434311216411806 3.9532261985021955 4.552598775844961
15 105 -4.824470415233171 -4.64517040759692 3.280740536421274 3.4252723354342884
15 111 -5.635349205259352 -5.406349241375632 2.9403996895297126 3.7815253832164735
16 17 -3.177137825219584 -3.103119228769576 5.024158714136739 5.264018798780822
16 18 -3.873279172368393 -3.1257362038561705 4.472546767700896 4.911580022903775
16 37 -5.1859484659906485 -4.2126479019891026 2.406336357201365 2.726766410902395
16 39 -4.6722674323801 -3.947205253048481 2.9880193658739156 3.986232349515593
16 48 -4.65049454409013 -4.081552713511339 3.200976138324743 3.7929030174315876
16 65 -4.2215666748684235 -3.990055277719051 3.6418520791109588 4.317139044641317
16 66 -3.2562797778944166 -2.827764334833574 4.460633075430997 5.135929442648713
16 67 -3.3114693403474655 -2.865297780918553 4.342038810288396 5.142838711852572
16 68 -3.5157976553057235 -3.076183227602249 4.3833354970708545 5.067545795520955
16 82 -4.821393803638202 -4.594884704502019 3.308990672059919 3.3574417844951117
16 98 -4.945603196430269 -4.771746788487594 3.2470941323128386 3.66083022429096
17 18 -3.3213765018135577 -3.094379161377313 5.19081826705164 5.303179119375098
17 19 -3.4568130776617174 -3.0091144030111345 4.564699877489843 5.25214853832849
17 20 -4.061263577470463 -3.2292464479775256 3.611045477104327 3.851944878506927
17 39 -4.69090454026951 -4.270930419823412 2.470304531029399 3.1798352109515724
17 41 -5.066678844129286 -4.784932129139456 3.251712151508185 3.358986546201623
17 48 -4.55987090662374 -4.008629261634599 3.666037454773161 4.163305624438315
17 49 -4.381992636406923 -3.840441930004131 4.342162587455177 4.636782434508612
17 50 -4.452093542877793 -4.188717731359569 3.722405771990813 3.8777176468881263
17 51 -5.070236556461051 -4.410601883599681 3.1599377500094263 3.612409471788192
17 66 -3.6094504896689936 -3.1509731323089216 5.154856442934788 5.554703020735145
17 67 -4.529675167357384 -4.015464189404292 3.8080408095276925 4.019037549986917
17 98 -4.421490876692715 -4.168933046747925 3.4157071010445383 4.05995546995719
17 99 -5.142338615824687 -4.44945887338315 3.111734420701505 3.711446983002375
18 19 -3.4448611272500296 -3.131864490291301 5.233699018595117 5.402115965795216
18 48 -4.743026822824739 -4.472751614938101 3.338490920971451 3.586585857157841
18 49 -4.747556224140407 -4.360368612087687 3.5915023767862024 3.8241781154245227
18 51 -4.235116083974727 -3.644484550422738 4.021548394263417 4.589070777290781
18 52 -3.8926229097736984 -3.1651272831473882 3.824288517492494 4.273406341867146
18 65 -4.446692548116167 -4.086060082919494 4.095640187170257 4.189699707032715
18 89 -4.255889675948313 -4.121664966308772 4.110463762105865 4.50037845278951
18 91 -4.979185219606994 -4.65655270004722 3.338578934822305 3.7323597057946065
19 20 -3.2056133732416145 -2.9621448839418605 5.964198012434621 6.1227084203066315
19 26 -4.75444414585878 -4.388503446516097 3.515422769406906 3.7346031833013074
19 27 -5.185917421553688 -4.9182387360876145 3.360380219730216 3.6738467081613444
19 51 -3.864199481304394 -3.4748596104910776 3.451021368519418 4.010158217594141
19 52 -4.447676414317346 -3.888592807710582 3.5682543295751166 4.095589102088391
19 91 -4.709227078420776 -4.658046945882446 3.7045848833344697 3.7435172551380282
19 92 -4.313887540486446 -3.9353930607524226 3.81091408573604 4.621603825829543
19 93 -4.300365266096345 -3.9448954476211466 3.9932855401940857 4.212946916880496
19 94 -4.292350733432368 -3.9489874785862518 4.330758539447207 4.588741632382344
19 104 -4.408891918688871 -3.944240042408581 2.895896071982813 3.4906249086647385
19 105 -4.934404628501492 -4.75043141648288 3.0809929211023763 3.677291110212725
19 111 -3.984942065477625 -2.664118136995192 4.703393444875432 5.127804234532422
20 21 -3.476861001640636 -3.089961069239526 4.588794815178914 4.943140850260001
20 51 -4.779496710017621 -4.497519526970562 3.558317374849076 3.811421542164421
20 52 -4.172221239136252 -3.3689450963078498 3.3674656313556572 3.67161514460879
20 67 -5.2614229160137445 -4.558417583455889 3.183191936084432 3.580422011080727
20 68 -3.974273355771324 -3.2573146578083416 3.0305814327213247 3.536003722836844
20 78 -4.084537005554305 -3.4712794507239075 4.18464347374495 4.526390970532491
20 79 -4.914700654969532 -4.388631662274874 3.3990759443614262 3.6029118718929816
20 94 -4.585697061255421 -4.078899148519377 3.710160684145499 3.954479333766348
20 111 -3.4475091439098473 -2.785840802646239 5.721608592269848 5.829775617685856
21 22 -2.769589110375776 -2.21960417317382 6.3201899038283695 6.678378908188707
21 59 -4.991771272374517 -4.661230053973323 3.3562359082375455 3.712846750038211
21 60 -4.830129971450411 -4.50195816457374 3.3702863750042535 4.119284060730444
21 67 -4.826177482374978 -4.28668457921483 3.9339692381568607 4.526214337080305
21 68 -3.718637621120498 -3.467863755043332 3.3812276598217657 3.8491613869119754
21 69 -4.094447570248732 -3.6407700816948854 3.481066292941642 3.998840516762802
21 78 -4.328934745502945 -4.01467684335919 4.493421850782054 4.745798587865027
21 79 -4.357397749476122 -4.002561268514861 3.3237544741270497 3.4123241265101987
21 80 -3.692513770968321 -3.3604612018315034 2.9628025991112836 3.3512663388395922
21 93 -3.8217347747871404 -3.6164047844320404 4.760564241775343 5.388938274668071
21 94 -4.162516867014004 -3.6351824432535618 4.05285739055963 4.5680232534010585
21 105 -4.127725328763789 -3.6744192089984518 3.9401910947065204 4.571907248437878
21 106 -4.277690195685418 -4.009551675123429 3.5734142572258705 4.391872496990727
21 111 -3.466868244279655 -2.596124274006728 3.5554094863253507 4.314082498323611
22 23 -3.3418499644131368 -3.209348131010483 4.7940510977308195 5.395494715100619
22 24 -0.6783750211330305 -0.5194692734135649 0.47498328843208254 0.616910826637961
22 34 -4.189341865259642 -4.080817211587745 3.8933849796793187 4.163049448443978
22 45 -3.5971577482732595 -3.481967444424195 5.214919816720409 5.288181254056617
22 79 -3.513779911551943 -3.4035995337734177 4.5258534441913785 5.228605249870078
22 80 -3.157185634277821 -2.9925073163010083 4.2346272375306295 4.459682530808189
22 82 -4.160972370676207 -3.6887376717267886 3.5764379650513494 4.029496354331491
22 93 -3.4859330481119106 -3.314994592167113 4.784081518731164 5.077311105300005
22 94 -3.008929531868511 -2.6790877972803884 5.128236957457072 5.425356291478418
22 95 -3.6972606074537926 -3.4666601695705244 4.690382346974294 4.966709394985795
22 104 -3.3459209787323845 -3.128355722695329 4.467947824755527 4.9501889275095685
22 105 -3.035638812842496 -2.8640568383677465 5.282375140904195 6.0065072954542496
22 106 -3.4744116534977847 -3.4122591681194843 4.751510236111324 4.870792768072077
22 107 -2.821421824644629 -2.3681866585853637 3.4853607794408483 3.9779616167215868
22 110 -3.7611497855989677 -3.652934996288982 4.615789419862109 4.935399070513985
22 111 -3.6118358132054076 -3.113417410566737 4.411015386088116 4.797633158008501
23 24 -1.9620527719208944 -1.5970558363685645 6.145969938494631 6.619841461176645
23 41 -4.121092251940344 -3.8785861814762557 3.4279635351846465 3.862314507826583
23 44 -4.332621547471163 -3.850527984701162 3.989892549407146 4.496770363728334
23 45 -2.747766647457868 -2.4360362635685067 5.971322717378584 6.384846309318544
23 63 -12.745709336978267 -11.648797699825 -11.566061331886617 -11.233494037917872
23 64 -4.2964534931656395 -3.7831784926008165 4.239452078347899 4.535356837306861
23 84 -3.0728950018426096 -2.692408069279577 3.6678664408407453 4.425226648081329
23 85 -3.3795539095790357 -2.602269409442338 5.018851360688175 5.473610154107594
23 87 -2.8788779524259316 -2.650962332900157 4.088529527925445 5.101687709252904
23 97 -4.4202638345911796 -4.101326635519776 3.705786284785493 4.244101741517803
23 99 -2.7741071701170696 -2.4303763242652954 3.9750747950138936 4.7877472689693095
23 100 -2.3483429465606576 -2.288001310696605 5.776326742203893 6.203620916073118
24 25 -3.838669785572594 -3.482124306064627 5.005166002119323 5.063877036306116
24 26 -3.246489333028802 -3.0395857372407273 5.6004824560528945 5.675705846264836
24 34 -3.678685872575665 -3.484306272471137 3.048218225823346 3.8448323166417224
24 35 -3.8521280416506816 -3.3984141235794287 3.3061929654034015 4.088897888094537
24 45 -2.496688630090879 -2.3490096511661007 3.965073492388847 4.460898141678541
24 64 -3.5450926192698597 -3.3052086399145084 3.645989502459224 4.070820200105604
24 85 -4.637307222415891 -4.49733503156591 3.582037517701987 4.2586477993221985
24 86 -3.226054319940436 -3.1801559800090327 3.3856576320442002 4.227574014810906
24 87 -4.41808034324352 -4.268335225102312 3.448258775983156 4.165797813548966
24 100 -3.1483223242353633 -2.272317299523602 5.100996383860988 5.359482853999948
25 26 -3.1070405801427454 -2.8338111128167043 5.648347195066014 5.946087876490282
25 27 -4.356665269130005 -3.520687788770563 4.383315749114817 4.905860955500522
25 35 -4.343282916245978 -4.226263399108677 4.009242695670913 4.229476079106517
25 64 -3.355751292470509 -3.1610436257730474 3.8100152201802886 4.2522843655267275
25 68 -5.103156551478068 -4.943787964717139 3.1541156283287415 3.188320245996603
25 100 -3.646151253778276 -3.5222142401495677 4.048492280504725 5.058649105487664
26 27 -3.1790379833259848 -2.497505086684905 4.7962669129419595 5.342866609448852
26 28 -3.674483803963951 -3.532293033158975 4.884210725141969 5.038958877803479
26 63 -4.182930428393907 -3.824050655609026 3.725464214723972 3.8728593457578984
26 64 -5.106960126208285 -4.596206526160545 3.603011787159938 3.68933293502039
26 65 -3.6823383085814254 -3.1339072578647973 4.234952744483735 5.043426085766822
26 91 -4.913249125443186 -4.250856143386719 3.549460427526742 3.6240306121161963
26 100 -3.1986006007199848 -2.5820391137343743 3.743395869383737 4.5851213448301955
27 28 -3.1096892879399842 -2.769683541246945 5.8484716652040944 6.128354449330751
27 29 -3.618203046317997 -2.2466326638909804 4.091386779783307 4.760554216112222
27 30 -4.481921247025105 -4.099905679467084 3.140196753203328 3.6461870726518217
27 93 -5.179810245538641 -4.508433112695811 3.612419192274278 3.885929324524311
27 100 -3.833861467201549 -3.633805410177374 4.110074370910047 4.821804530253456
27 102 -4.70799457635367 -4.467162844622459 3.751364160046688 3.8269079999077107
27 103 -4.479228846912085 -4.199220243477062 3.534804582931968 4.053293775120826
27 104 -4.157468514355055 -3.8765908500020227 3.332616404021766 4.099338134635142
28 29 -3.461002539495406 -3.046577148235673 4.2919852444544 5.174317078159628
28 30 -3.0884993674336445 -2.684420001381622 3.7123229763030654 4.438263760142052
28 41 -5.295360564527826 -4.864370475053498 2.839217625342806 3.2144925066269456
28 42 -3.9072616920664798 -3.5445255114674348 2.5884332068319025 3.188564728345032
28 51 -5.0350020900692725 -4.892049199829913 3.211869410100966 3.5949394169680273
28 63 -4.27564028454671 -3.7694641460425453 3.1098982757683618 3.716538260423841
28 64 -4.7916906707518665 -4.441840557817336 3.5495523298654064 3.9498375574413878
28 99 -4.4672039234634315 -3.9255049078514817 3.7563162931436307 4.183338772348757
28 100 -2.8496218502852897 -2.5558382399728976 5.077296309136797 5.290421791518787
28 104 -4.745604812782734 -4.280781040165718 3.481232279019689 3.919376906299895
29 30 -3.0777360011948773 -2.713830171247042 4.735452428685928 5.179988951385142
29 31 -3.8756734281803706 -3.490295576970244 4.64719182188974 4.889476205332582
29 43 -4.8643318642337805 -4.81141928559401 3.142777435725868 3.684982221558761
29 44 -4.109628650857539 -3.3290059346809753 3.02565074540076 3.2643116417654974
29 45 -3.856892375064697 -3.6679930892900505 4.499619928089941 5.270637486546667
29 51 -5.103410828062054 -4.8538990771739705 3.0210231471147124 3.624727923461888
29 57 -5.3418157711304355 -5.158985368612191 2.529276832061145 2.9103282033083704
29 78 -3.0148377234529002 -2.342171732145979 5.779937624480211 5.840782995266759
29 79 -4.443025892460124 -3.9585942878612235 3.800784176155312 4.096832854073284
29 99 -4.308630503058605 -3.5218094432430194 3.2477539486280835 4.104928293132141
29 100 -1.7811692803463608 -1.2352629825740422 3.7023779441510443 4.546266204773026
29 104 -5.00971281670111 -4.249170338073106 2.7991898103847226 3.6083367937357003
30 31 -3.183453652689158 -3.076045463599853 5.402301978845106 5.573419721753172
30 43 -4.498489344316455 -3.998558681534817 3.5693187535411757 3.9534649142670326
30 70 -5.125134042008909 -5.015244736895995 3.1549121878413504 3.319811871676896
30 78 -3.907209721442342 -3.5413480035675637 4.446747903487628 4.9765572363146795
30 87 -4.8690070509509455 -4.842762366966794 3.0803471670677487 3.478117601792234
30 88 -4.7015245942947725 -4.150691540686915 3.559909725120162 3.6300852304013054
30 99 -4.766648446128181 -4.694558638250763 3.603890136934016 3.7375295429669184
30 100 -3.902311692768611 -3.3335993863838187 3.67013891457545 4.361479906442291
30 102 -5.048059721126389 -4.964389018061739 3.248625742576399 4.032786986605568
30 104 -5.040622967452925 -4.903214905287686 3.4580194105115623 3.678544192388066
31 32 -4.105956658678551 -3.9781870836715205 4.794242452625462 4.982056416540655
31 33 -4.647698991771996 -4.507494487559135 3.289193707293732 3.8370512361470546
31 43 -5.009302803743864 -4.74459615124134 3.3909425849396904 3.553189838510359
31 44 -3.807336538905251 -3.273887184335926 3.255573098702576 3.435264349411889
31 45 -3.731864551963428 -3.5094463661585675 4.706296829176514 4.834548754066183
31 59 -4.56149689107591 -3.990098094550932 2.84620056114008 3.0724316484988012
31 61 -4.617760188120888 -3.902363032542569 2.4927921720939707 2.760385895149936
31 70 -4.380749808875387 -3.481594815875617 3.1385446788344393 3.270165661845381
31 72 -4.133694083610712 -3.707785140736769 3.4921401315996086 3.7268818434928384
31 74 -3.9843290116233874 -3.6081164145341833 2.9985938706204536 3.1939835276248183
31 76 -4.777626095202105 -4.650789121239358 3.370533078588475 3.5452659358832572
31 78 -3.3689261344827437 -3.1477030837117805 4.755591389086469 4.969676275705704
31 81 -4.402447073427914 -4.333031032720853 3.964408460341283 4.141671777976391
31 102 -4.9256695590240795 -4.354618312251075 3.6477876107446847 3.7208899280302665
32 33 -3.9071904117558236 -3.4051390369099446 4.486204495564921 4.576348278380625
32 45 -3.655368405429327 -3.504548609180419 4.386994942182644 4.507036529254892
32 58 -4.03464016800055 -3.69883939322628 3.8044799360494115 4.2055526555378755
32 70 -5.237797804797578 -4.304106054450848 3.1757990104560303 3.3585860109040238
32 72 -4.82984238137401 -4.545855873299824 2.9544108721423643 3.49205321683082
32 74 -4.649303395958123 -4.446405836121074 3.4052292981768484 3.737765563522862
32 75 -3.9644989070147107 -3.713096510238621 4.752406589673125 4.869214791762528
32 76 -3.9938805398422437 -3.6821307365923457 3.51319391229818 3.596358198136973
32 90 -5.257365275162418 -5.141030194679592 3.064604414598056 3.6051259923666703
32 102 -5.579953541570451 -5.056838303624867 3.1244618013299474 3.2801040635544165
32 108 -4.918156809583179 -4.212576856020561 2.9386957841162746 3.285689508015613
32 109 -5.1207434442412545 -4.673930180794367 3.8618127645414626 4.214068709052258
33 34 -3.391971510673302 -2.971343283230114 4.525353836027352 5.259605382183436
33 45 -4.017254200413151 -3.788969302480448 4.541770870339966 4.707968116897268
33 46 -4.383553833794613 -3.6416255288769745 3.8843704790721634 4.493693048185562
33 58 -3.648977166117141 -3.3875650259348244 3.757605981813719 4.40941163093742
33 75 -3.3494932070219425 -3.0499666491196673 4.331872526301908 5.034771362992664
33 76 -3.9530183503395624 -3.530872506452317 3.635324566084167 3.935503313397612
33 77 -3.996914224167388 -3.2578200866690787 3.773577231639904 4.132503586855804
33 85 -3.849807602966806 -3.2573682476095933 3.3992177960183056 3.676662582233594
33 102 -5.266550410400252 -4.727721012811736 3.289399625874716 3.495837029338941
33 107 -5.093583941308349 -4.928603494482935 3.234746906865671 3.3949042556521634
33 108 -3.791812529417481 -3.40293348588985 2.972354427392676 3.3025586180249222
33 109 -4.77012902805775 -4.239678697937597 3.2075754794238613 3.670322179261432
34 35 -2.8746856291209246 -2.3961990541545366 5.192304995816363 5.56603069052421
34 45 -3.2149465765408616 -3.105312239578433 4.100078790083458 4.354355688933516
34 46 -4.1522481063551995 -3.565525048987119 4.399868052492157 4.467705149857623
34 47 -4.704651966669319 -4.4198777340844755 3.3214737511521406 4.130051466179476
34 60 -5.531880207325063 -5.1851578536249665 2.9718823095880054 3.5313612645799117
34 76 -3.6247241512238073 -3.1281520414725112 3.6751441989863562 3.9592346550377076
34 77 -3.9086428547779506 -3.2573885838099024 4.291839848979013 4.68448253954612
34 85 -4.25856856181472 -3.452873912093973 3.708715270742541 3.9656695565173545
34 107 -4.670382251071435 -4.51953032267985 2.8696100178581805 3.481931151162694
34 109 -4.7403907225307265 -4.542967620919276 4.059398299163642 4.3078078536159286
35 47 -4.3166994423743805 -4.178252277428697 4.046932218350422 4.423630715877431
35 76 -3.8919737313406437 -3.59033262553365 4.373932431057336 4.771901763007666
35 77 -3.098728738019823 -2.627539032942885 4.372749308402399 4.7236408395052365
35 85 -4.043643613206875 -3.4459767289096006 4.554243813353138 4.884169793346059
35 86 -3.3692491645778975 -3.224784021224478 4.172679790718031 4.52365510701061
35 87 -3.609184094346697 -3.2951567641573942 4.148094286216206 4.773110327550039
35 100 -3.186803484666152 -3.0709133514115083 4.927186221682063 5.01313130476789
35 101 -2.9590366937710217 -2.8627845774833838 5.731671973094207 5.774466359228828
36 37 -2.892286706007304 -2.787229139994375 5.403816910204475 5.515459498053516
36 38 -3.679129860647327 -3.2630552915429836 4.7544271370160684 5.267772911232033
36 46 -4.333659698956549 -3.5249024033997745 4.256599539219149 4.347656105293686
36 47 -4.575272238386924 -3.735197760015236 3.4113831401294177 3.703703604307803
36 48 -4.678611125464304 -4.280914582463452 4.197395343166125 4.263523409205487
36 54 -4.7823747044630345 -4.449139460885754 2.7382880940622143 3.183797852538719
36 55 -4.910362511309566 -4.09193651836291 3.1611327483744014 3.929544753553998
36 65 -3.616688775146348 -3.241371615986647 3.6412861966473518 3.943494355081007
36 77 -3.3953029592785606 -2.7312870613698323 3.9177817762859974 4.284050509297557
36 95 -3.690633758664521 -3.151274252557235 4.403586835483307 4.793600089389999
36 96 -3.9380051006582937 -3.658822893495069 3.8532463983200773 4.509103657093382
36 109 -5.024515876950196 -4.891800646849753 3.294441743611797 3.5861630015942105
36 110 -3.0092515474403756 -2.4336563760867467 3.9309958022738423 4.220760152247744
37 38 -3.302998379724774 -2.5571284226694533 4.634213539686474 5.183344797495582
37 39 -4.015865845848668 -3.3887190688302646 4.3435180183678925 4.933657681323991
37 48 -3.708250939519608 -3.294061404984057 2.5395344309033305 3.138302910790927
37 80 -5.2274971625278654 -5.207326614269443 2.854813444414582 3.208533469800368
37 82 -5.37109873791181 -4.86087044481461 2.562354225634873 3.1797623167449123
37 95 -4.595163476535311 -4.422837475865064 3.5795098215542343 3.8896454219060868
37 96 -4.297795497812947 -4.036431131063177 3.8077141515860804 4.478466065659414
37 97 -4.099955684681212 -3.5911031265755864 3.172545193179873 3.6483905222320607
37 98 -5.171231729478062 -4.514797152403018 2.9563427351449985 3.3630745566781868
38 39 -3.2921145676726007 -3.2212538805010125 5.824429348793043 6.004277357322229
38 40 -4.002339416308848 -3.4695928415699635 4.718380896344956 5.1393874783045925
38 46 -4.169863359336633 -3.7932257170408157 4.4253789949154525 4.9093198900732045
38 47 -4.548648317512283 -3.87118237230969 3.1536611003703783 3.9586834779687994
38 48 -4.410186681712689 -4.318086313322544 3.644719167325415 3.9459939983410677
38 49 -4.304284358211656 -4.097820678385658 3.936445797191278 4.419576544499775
38 55 -4.838145580788381 -4.756665075279507 3.5053859828741145 3.7159100415868833
38 61 -3.5213199580951753 -2.8690722771301003 2.5212534733687635 2.8070834209010855
38 62 -3.6854360687948926 -2.9367266107467005 4.5141507478106835 5.064380693170115
38 83 -5.257211138452209 -5.16911525848089 3.0581462230093104 3.3347877457655652
38 96 -4.0327357327408775 -3.682694600292988 3.7737261243724225 4.251915710719198
38 97 -3.8021477205511065 -3.507586890881077 4.613718998372403 4.75878377890797
38 101 -4.243965577189128 -4.218482369018342 4.151739816650459 4.329387430098251
39 40 -2.9865175119391902 -2.4711084585347187 4.709554038597246 5.2392393417179
39 41 -3.432534753018147 -3.193195046936918 5.272684737636521 5.365944690211274
39 48 -4.119831430929309 -3.563524127182817 4.133946041380367 4.630622700928286
39 49 -4.408246380510827 -3.878214916152278 3.9956892100632433 4.1376849833587155
39 50 -4.05652780195644 -3.554696019072272 4.685243044559683 5.168268374959751
39 62 -3.702086990006177 -3.480081524698177 5.065043679481949 5.176926471951273
39 96 -4.300702853370081 -4.008109263945437 3.4490836029843273 3.855398466087383
39 97 -3.9316383483040798 -3.185544499041 3.233694049056068 3.786303908627459
39 98 -4.874151557932278 -4.589994138813836 3.190219366207487 3.3338368308619293
40 41 -3.099544028894186 -2.810195541311105 5.63919731077459 5.929359328276738
40 42 -4.376241947625631 -3.4241226626151886 4.506636104337728 4.827750698216134
40 47 -4.513926527227431 -3.353677204282438 3.242959207973192 3.5137219687855743
40 48 -4.008270394902898 -3.0065989587570754 3.6235034289534993 3.9612359733195923
40 49 -4.0619379900186905 -3.8596814362024117 3.968687909207421 4.309516143767631
40 50 -4.127795103506167 -3.884810195599345 4.440567463554197 4.558828337261932
40 62 -3.758572090705832 -3.098579707101475 4.5124539787053015 4.797500305443843
40 69 -5.17456467780032 -4.9523703917670066 2.9191689384357624 3.398245076975187
40 71 -5.358779156409999 -4.322018611927223 3.0376173055702975 3.502688420602546
40 83 -5.256707763664135 -4.932201663239847 2.9372883332508213 3.1174936574795606
40 88 -4.9077331276837395 -4.60335066553912 3.334382319379219 3.7288768676477306
40 101 -4.2212554779154 -3.5815695763643807 4.096675315333755 4.695757074588392
41 42 -3.319829797891104 -2.9359643222192258 5.1093900617056125 5.445909917964716
41 50 -4.338948444615257 -3.8442342801726825 3.8161037869591237 4.0050905599747795
41 51 -4.350832021234514 -3.5114509475456894 4.092489613768617 4.243787105340863
41 62 -4.140199012020663 -3.6806749146000413 4.286626618306788 4.4508793608746755
41 63 -4.338144657177158 -3.810737535448427 3.164842795495537 3.901784324791586
41 88 -3.998575395994267 -3.3915914587059834 3.227684056405648 3.5803855607861195
41 97 -4.4760363189380685 -3.8649208232581302 3.487683025440937 4.018854090784338
41 98 -4.731869227537062 -4.382191502772549 3.8458305442673493 4.257112383112279
41 99 -4.7502849489040475 -4.107805864186805 3.033909233414558 3.6792078259758334
41 101 -3.30647795898319 -2.954956405822339 4.1448702431893105 4.551488350145231
42 50 -4.35145797728606 -3.9354322355322244 3.8617240872407455 4.315859763789251
42 51 -4.611905465212679 -4.290700937451055 3.977329924324772 3.997654015342894
42 63 -3.6125668289665644 -3.5563292011581766 3.222703394693566 3.805132120607237
42 71 -5.068286363581256 -4.745822324749262 3.1670096790640203 3.8751345577638086
42 72 -4.737329607411653 -4.074226174434345 3.0157518925979576 3.83434711824304
42 88 -5.411284680107699 -4.9722142436323695 2.8147815099950266 3.223052818554774
43 44 -3.4239221207062873 -3.368473853759801 4.861931536282348 5.538056302344691
43 57 -3.2700252923960167 -3.0523414227189507 2.596901825490067 3.1123257969458686
43 59 -5.25325317844829 -4.562440197507133 2.727038715512675 3.060096432303326
43 60 -4.321041567719401 -3.572860323517248 2.48031367556121 3.555453326971071
43 74 -5.289636589594004 -5.0321920880212145 3.190314944205145 3.2508525790095444
43 78 -3.6477003984501786 -3.196384853448313 4.948673947239489 5.21597243895297
43 79 -4.135509619474778 -3.8642861390851695 4.223432081954669 4.474734952549063
43 80 -4.1093190854535 -4.015994656605831 4.165575449250179 4.476002256736517
43 81 -3.611213737985066 -3.0381519123265774 3.8980261514265773 4.412330248460295
43 97 -3.9632415611960843 -3.241860750517517 2.7020628532115296 3.260915057267966
44 45 -2.650216921117443 -2.3772811066687747 5.681162140789314 6.155996179317092
44 57 -4.427613746402894 -3.8941888883388645 2.4718535399244517 2.6187072680754118
44 61 -4.6395339531315996 -3.8639854897954353 2.844277007001278 3.034336851913425
44 76 -4.57591678799113 -4.2532903104382855 2.687146569689837 2.8864996441057635
44 80 -4.61070162972415 -3.8656046734290714 3.566267883334884 3.8463108778604567
44 81 -3.8320759995389397 -3.6523060765010373 4.29848398814433 4.697744439665762
44 84 -4.228765803867257 -4.018972253298506 3.1416821915464284 3.5877765161177098
44 85 -4.601079273765277 -4.343945744839835 3.992537690715091 3.9998960140681374
44 97 -5.28226591440788 -4.695775692132888 2.555140301533228 2.5770147196609092
45 76 -6.955671935177982 -6.833463302554933 -6.2584300078089905 -4.235778771687995
45 85 -4.097468471319677 -3.6838050605158856 4.679275459190832 4.878412584928325
46 47 -2.260374741347691 -2.0062560190340197 6.0333020858163 6.197004171677161
46 53 -2.9447104601579386 -2.714813701772652 3.719657097915729 3.7890743855080005
46 54 -4.485272438755393 -4.365850510606104 3.735781495990505 4.044876487160239
46 55 -4.020283417509415 -3.646038952972389 4.004123216499967 4.622877846180872
46 59 -3.3011442620494176 -2.8304494724768055 4.019150496662749 4.413013061565124
46 60 -3.8254829856159733 -3.6592354521813 4.347472749685265 4.453384800111039
46 61 -3.1078557447374844 -2.3933582187951483 4.3218210792913405 4.670902978126258
46 81 -3.984135455514572 -3.4016330117632227 4.520817134297937 4.611166478722513
46 90 -4.8315290560726325 -4.308281903694106 3.46986591805728 4.156988626933262
46 107 -4.029809339896402 -4.008635549267962 4.14905710276275 4.605081409510899
46 108 -4.117400406819973 -3.481094538330147 4.325227697061732 4.69992527692244
46 109 -3.912736917228439 -3.668643494598421 3.95017357762058 4.384649428530642
47 48 -3.7937663574695404 -3.7470415642295483 4.347671572959279 5.064784711345176
47 61 -3.4449331045453766 -3.292257036385094 4.713506803935083 5.06360396599063
47 65 -4.07163654078151 -3.698013009350082 3.7468948521886034 4.043489223723497
47 77 -3.9929350848063936 -3.53936655285782 3.515527997815402 3.8441392673744934
47 81 -3.835354124129887 -3.2992407452043997 3.5728999504012924 3.7982887622933466
47 83 -4.355288115514105 -3.8992360687451586 3.6794382827121543 3.9071439959546095
47 109 -5.034393240251526 -4.569048434254128 3.6792515234235417 3.9113665008836813
48 49 -3.556086906727994 -2.832019372323245 4.912057075694992 5.283604024468794
48 65 -4.4761404760526755 -4.366121763016791 3.7197846659928167 4.156581299481586
49 50 -3.3701135358498737 -2.61134958531021 5.0541584045529095 5.316899677138873
49 51 -3.4176760026739594 -2.8905472438498996 4.90183056562441 5.411982203540185
49 52 -3.0473966265050825 -2.9057673144771834 3.883322308073393 4.371925432220302
49 69 -4.411966951281258 -4.332718153953132 3.2889619430091512 3.5759525818693794
49 71 -4.8760985685898675 -4.516404760774536 3.950050246540892 4.27294921189263
49 89 -3.908640237917569 -3.757180076133673 3.702712163112795 4.414428673108381
50 51 -3.7430007160230834 -3.0639391382687444 4.411303595829478 4.861518477699923
50 71 -4.74225900175302 -4.4115644374333405 3.398180730351917 3.8903807181963255
50 88 -5.35572265331887 -4.92082491961215 3.2402029532221026 3.7543891337850295
51 52 -3.8389156572571657 -3.477745914535162 5.040829454712002 5.39635713347152
51 53 -3.615027634569971 -3.3407900858788118 5.185091948141424 5.392355915598035
51 56 -4.997056065174416 -4.086413708661309 3.4181379270559735 3.7951242813705246
51 57 -4.690359422366674 -4.63205497297808 3.3481658329031134 3.702027133221657
51 67 -5.397017676215311 -4.69240404989317 2.696913553926871 3.084156770916584
51 71 -4.387484837024214 -3.923745429893873 3.649762114962052 3.9196146436506987
51 72 -4.570474305405699 -4.315287226478387 4.0528439380192465 4.282904614996458
51 73 -4.4972579991589505 -4.021939932792751 3.5065431288900895 3.956395255184266
51 79 -5.252838419263289 -4.957464120651684 3.1521019444159495 3.567235151734585
51 94 -5.11100468047069 -4.43181823777787 2.7796112388664107 3.2549285154550582
51 99 -5.0189361552707465 -4.918608772188344 3.3710416713604845 3.4643213856700394
52 53 -3.1369417630202987 -2.790789300861393 5.169148483464772 5.635525805532016
52 54 -3.9775681238162997 -3.8256591222435556 4.204240283744014 4.736794297641271
52 56 -4.447856440166903 -3.8201523912456823 3.553357644597231 4.0102081837040835
52 71 -4.343338797132567 -3.7914304099752574 3.6680866293438794 3.85433828563196
52 89 -4.351191870727733 -3.887597909160483 4.666026403313317 4.703368885882108
52 90 -4.93972396528801 -4.24472427503017 3.2992075020532297 3.562928598168202
52 91 -5.397775987755639 -5.178314714153706 2.9185347468163974 3.204095861423483
52 92 -4.940759891160197 -4.335315990388553 3.12278845050493 4.030832661317145
52 94 -5.280472184384863 -4.950777348622073 2.707080328683955 3.3853353431194373
53 54 -3.472321414963937 -3.21401368154817 5.113829117242976 5.1756738793087695
53 55 -4.009049127751974 -3.3882142822409937 4.213094920886641 4.872793344834788
53 56 -3.6246257593300912 -2.089776433942123 3.5100347345139387 4.395401509446496
53 59 -4.787620788043583 -4.216797368781838 3.153434918543161 3.533769028958792
53 69 -4.993659750260049 -4.62242606923814 3.4354238393243786 3.9064808856581275
53 71 -5.128295116965269 -4.857880312408745 3.3537951651154554 3.3728129870474723
53 73 -4.87881668305736 -4.660192014919783 3.1990679206959918 3.852308969172603
53 74 -4.795182445074334 -4.38659027296459 3.4861888872972395 3.934314420322262
53 89 -3.852766680268523 -3.657705077764621 4.060749438699714 4.165090170539643
53 90 -4.835425195507954 -4.483728387366339 3.6356273909156847 3.88083421964665
53 91 -4.226680930347065 -3.7949650909478763 2.7757392866589052 2.8406210001984085
53 108 -4.930871687335235 -4.880028867136661 3.3790987477639547 3.6778979824251863
54 55 -3.6682826528922203 -3.2738412749414993 4.9109746702931965 5.325686112767379
54 56 -4.054757067575586 -3.583112404123754 4.099612911582086 4.41418980858818
54 90 -5.145598802267254 -4.800853595640127 2.5235596951512638 3.19482863944154
54 91 -4.51301683241095 -4.158426995613769 2.233136557146128 2.8944289458883206
54 92 -4.803772895208305 -4.564598159635747 3.1286144999531715 3.850969449865602
54 94 -5.164579960108962 -4.421533809610529 3.6758508953732347 3.9070924458269607
54 95 -3.8711801247071556 -3.491327323158965 3.4860705078367573 4.104837001855525
54 96 -4.390327481902017 -3.7694003932836755 3.2750839897858 3.882198187966596
54 108 -4.9445172872070895 -4.608555206999106 3.5016195011979514 3.5924264030375688
54 109 -5.652335034829851 -5.041706164680867 3.0806932316260327 3.360529866306357
54 110 -4.582064710202509 -4.042739563579588 3.942612874510129 4.006631056511122
55 56 -3.5282420010284596 -3.1773064953240007 5.479344647307731 5.734858139421355
55 59 -4.849969044132038 -4.63190526798084 3.5999469069230465 3.6279429579385005
55 60 -4.669574016216118 -4.464735053175961 3.2815271436350453 3.8965061006672794
55 61 -4.7832990469800665 -4.54702711623471 2.980579724696595 3.3234580784617815
55 62 -3.5823833669380387 -3.307636462253491 2.905601497713955 3.457081608307552
55 73 -5.075744422804581 -4.95274760755201 3.424233904214197 3.552622609684434
55 74 -4.0795881849352345 -4.050082434944997 3.4179094579887157 3.813774202673555
55 75 -4.732158039892563 -4.645555861984305 3.7240184670275593 4.293543428567177
55 96 -4.355465091451065 -4.033228044614667 3.389021073564612 4.199196813296931
56 57 -3.292029416331921 -2.883644869897008 4.94274278471645 5.5719897508341125
56 62 -4.125300455214339 -3.863480704294839 3.748319037338811 4.211656938013303
56 72 -4.090349501337506 -4.014900902663026 4.485478854872905 4.549770464206933
56 73 -4.677197769860486 -4.295976923897712 2.838752484415844 3.6950487045472853
56 75 -3.213487314700866 -2.8883946206946476 3.363285796166947 3.807531150072344
56 79 -5.251302643895252 -4.814997573688789 3.33637099746813 3.4597916466468916
56 80 -5.131572291505015 -4.604036603796877 3.2675750192562054 3.519154793855754
56 94 -5.027740229089764 -4.402373642217434 2.7670247822779923 3.401905713148691
56 96 -4.884609606394349 -4.682237903817271 3.1978931469333043 3.628093705778808
56 97 -4.509306859824245 -3.926244593963131 3.1345608742356394 3.585260565881499
57 58 -2.7915503896287945 -2.432489800375117 5.786785869726936 6.099189049872246
57 62 -3.779058716959529 -3.570779253309495 3.370159961533343 3.863876721340537
57 72 -4.345793326703948 -4.152025298932966 3.916002636530041 4.356102635760631
57 73 -4.161876296687237 -3.978628159217193 2.8085017789548408 3.6093335316091286
57 75 -3.34618374665281 -3.0472083553929656 3.8924324025328803 4.324002983761453
57 79 -5.15259769989766 -4.969284483032412 2.814690933527611 3.205702470460006
57 97 -4.503786071536032 -4.35606620338046 3.225432113033087 3.6809323116724157
57 110 -3.9932388904441836 -3.8397275135338167 4.09870771292969 4.539923930208274
58 62 -4.354340307164567 -4.286268794472633 4.213794502546909 4.562771746363976
58 72 -4.093549267526582 -3.5558387049219746 4.62077573871141 4.909798326459311
58 75 -3.8783270526728395 -3.39537824783718 4.765028052163997 5.222542061943923
58 76 -3.1435856581384316 -2.9572418012691792 3.9777036627046156 4.292601853536936
58 77 -4.46878345200339 -4.287808180852764 3.848518166701359 4.265424619079764
58 90 -4.304785945887393 -4.140933767204832 3.221973662474909 4.416219451230345
58 92 -4.184773407023135 -3.9955694128236474 3.866956354418249 4.713431868095786
58 109 -3.8755943509860478 -3.7158909755189473 4.721393937352531 4.94846681775397
58 110 -2.7518643746095477 -2.341715115865145 5.286117519912954 5.637086797057786
59 60 -3.214297821097766 -2.797202149105083 5.560865912694043 5.8967648980793035
59 68 -4.140191455649896 -3.5066073171351486 3.4207378670221384 3.8120147560767226
59 69 -4.368949080798147 -4.011304953740716 3.916531853675577 4.257465905811465
59 70 -4.3608984155931045 -4.251415811328769 3.798146304077359 4.02352817965952
59 71 -4.721464113374286 -4.081894768655846 4.040794070133107 4.307217638979422
59 73 -4.4405288234366225 -3.890290088715471 2.690179079825682 3.7969002962826583
59 74 -5.164950216742817 -4.813145521219441 3.025197025460681 3.5244908520132867
59 78 -4.4391068462592616 -3.9353666358386126 3.990915905142115 4.42013343399073
59 79 -4.303377081319581 -3.622227684757223 3.5074655419298644 4.306626071315586
59 80 -3.965207275136157 -3.2023993707145397 4.104830919638106 4.350389183581991
59 81 -4.466728135096782 -3.6304565205473485 3.7467894801971973 4.187418141611901
59 105 -4.189449541546967 -3.885482960563695 3.7468265346203005 4.1413794709471645
59 106 -3.314396093989609 -2.899110785281328 4.1185263013881 4.487561611925931
59 108 -3.594303652229142 -2.876453599972063 3.481419214065484 3.8964719595259663
60 61 -3.7001762632246216 -2.7523856269729907 3.509651405217445 4.333094853500241
60 74 -4.429168957393225 -3.8171816996974606 2.885524136451004 3.9133897374806135
60 79 -4.222497167264664 -3.9307920135211964 4.134530100421483 4.6809220050400135
60 80 -3.6223282173193914 -3.3185343119381763 4.333336347394865 4.509669980155207
60 81 -3.837123165331041 -3.130765252059332 2.9261504256731996 3.8905558793886366
60 82 -3.8581436720841595 -3.5255851506457097 3.6084731343432783 4.277588366903428
60 105 -4.090883050871038 -3.923079504332291 3.6212667337378126 4.187007662650006
60 106 -4.12767798172586 -3.9565399974458457 3.902918982536321 4.06523077333163
60 107 -4.871377901138991 -4.630237925056919 2.8692898265154736 3.437813233765817
60 108 -3.962236587744828 -3.8871446429942393 3.7220650905564847 3.9726823526995987
61 62 -3.7150508711154044 -3.2807967993374225 4.946417005478367 5.165636598571126
61 74 -4.215975011834494 -3.7036124076172157 3.5909950756096958 4.077228863734693
61 75 -4.6533167177527055 -4.196736680989745 3.9029601262041793 4.330265820885241
61 76 -4.6074169921570505 -4.447344620055553 3.114731191357543 3.85391703051414
61 81 -4.350587588422745 -3.747834917373784 3.37627460749153 3.583666978086234
61 83 -4.5648521944280835 -4.491232143164626 3.5819366319500414 3.8789796514499186
61 86 -5.048760129553267 -4.588434302067132 3.0719913817966114 3.1733424891480833
61 101 -3.350721264492925 -3.1198192313442954 4.342152455918874 4.739126941790019
62 63 -4.308888995590195 -4.149237669012367 3.4146695087437418 3.749748226634236
62 75 -4.9462743867272625 -4.865546687640271 3.785453140351568 4.179363778797444
62 76 -3.6606185151736454 -3.519384367263912 3.2507550551628843 3.7503983297325947
62 77 -4.811745458677517 -4.671988224114263 3.366507463836589 3.7180551481328994
62 96 -3.9995812853794956 -3.582200426470433 2.8754296129829737 3.4969249160323432
62 97 -4.544570424876809 -3.889242073293317 3.9392128404624698 4.329850334051556
62 101 -3.5405344957944633 -3.536191463126111 4.048360639479484 4.558089727854964
63 64 -3.402510979245185 -3.3192808429256804 4.917327710103144 5.198804194997308
63 65 -3.0243414734008387 -2.7175260420184726 5.552379972633599 6.157217979893927
63 77 -5.210605251625972 -5.028108141471279 3.334446308430703 3.6763427360940817
63 88 -4.1965903269846105 -3.8574580886609993 3.1450106161855036 3.236791684031385
63 97 -4.312176083111963 -3.5132431185027087 3.8599637637527477 4.128245391963794
63 99 -3.9511410739441515 -3.4475230009981925 4.2457216920373915 4.622536111158451
63 101 -4.137892375114958 -3.7326979991013474 3.8762525245070716 4.263478440100787
64 65 -2.4849709428151034 -2.091630894989323 6.60627627304406 6.796938165849506
64 77 -4.509604514498204 -3.94362634680729 3.170729550602447 3.7045450579031702
64 97 -4.959504106149878 -4.736396424921175 3.2578847910079025 3.7506307729605606
64 99 -4.262704347525631 -3.8888471511583207 3.2952655858152933 3.9156370587447147
64 100 -4.305828715370993 -3.791086969870883 3.926785300105524 4.690497569238139
65 77 -4.205027550178053 -3.7097003542727514 4.043421549517231 4.432802479935406
66 67 -2.219932117116171 -1.6851355314178431 6.52508773641162 6.732187322933887
66 68 -2.9270200105104136 -2.571895357469963 5.504017924770083 5.948295054464589
66 69 -2.887074937642483 -2.434921052852028 4.383535257075496 5.028933821523044
66 78 -3.452391001671552 -3.166268853203276 5.661808324271929 5.781989681875526
66 82 -3.6439418068161795 -3.1921620597949887 3.8297258802016043 4.575850048911644
66 83 -3.6988131887163056 -3.518466640800586 4.829859575050568 5.116581960482597
66 84 -3.8888613695476835 -3.4967849023551736 4.488485496425838 4.889932236178116
66 87 -3.987137263465768 -3.7076638971164586 4.275159139385744 4.719314174197483
66 98 -3.8131730609480403 -3.519811413346205 4.627295107034378 5.228108575717752
66 99 -2.996855959608228 -2.9484930156440634 5.243042906750059 5.964151503657957
67 68 -3.380713978246854 -3.174076714109246 5.170282723699293 5.890384939429903
67 78 -4.417114849439661 -4.31380263821532 4.34046459376733 4.701923299985622
67 79 -4.86098609090516 -3.8549741820383927 2.839909163263113 3.5465341583296035
67 99 -4.567789560962584 -4.182778559781225 3.80037435646657 4.042954866273698
68 69 -3.7753509010298245 -3.139851932341883 5.185597329878164 5.403715999781258
68 78 -2.667944537742041 -2.2149358992504533 3.5046871735308724 3.9665538533188376
68 82 -4.812313927902688 -4.558363431224788 3.4590563014215348 3.8595553517848065
68 83 -4.949611630917015 -4.620255706994391 3.1711584992103243 3.626955990643588
68 105 -4.4467498931547285 -4.2841074387430025 2.8006755901649703 3.428082752485622
69 70 -3.587026287119306 -3.3165974021476825 5.0440767610747015 5.172935231150347
69 71 -3.541023257287785 -3.063287438344982 4.14338957672991 4.288184431033989
69 78 -2.77971135943585 -2.4038849053026574 4.014469543576933 4.575991198073425
69 83 -4.939881380493682 -4.443192279057142 3.2160497108929706 3.61065314470804
69 87 -4.461556609402913 -4.036665385029252 3.954661207570581 4.436982740409474
69 88 -4.727306067165122 -4.200641024864187 3.693408859628733 3.808966832523632
69 101 -4.035708018235818 -3.656528502381076 3.9104628332306657 4.46569634348514
69 105 -4.291672843802639 -3.9860336758205013 3.136591533653241 3.7331786723937737
69 108 -5.164227444963285 -4.9068069128579825 3.4189646072876423 3.7018531209752497
70 71 -3.1138005965255355 -3.02861311546775 4.565033985229681 5.247942287832542
70 72 -3.8994382777795504 -3.1639380777860873 4.6697036814285875 5.062534083919461
70 73 -3.752593398791607 -2.7181188618418037 4.130291920794456 4.725255973424741
70 74 -4.503719966927732 -4.163346177403846 3.479555719368912 3.9872218916615836
70 78 -4.627654701398182 -4.206932785758172 3.542085428037821 4.019619800054406
70 87 -5.191459289430259 -4.312132232470755 2.285504792127363 3.509172625032026
70 88 -5.00347416444172 -4.658878990871287 3.5947863583058486 3.7980011029908463
70 102 -5.333422323884955 -4.302289964237072 3.547944949856106 3.6349439720947063
71 72 -3.360735323064305 -2.9853761674686456 5.039049302283174 5.297502090385798
71 73 -3.6601110167831106 -3.402977902116227 4.039481394736255 4.620930935669619
71 88 -4.6208234273091975 -4.315616626893405 3.4477334520736034 3.853551189126298
71 89 -4.563339445743367 -4.435934319889371 3.65768847876796 4.154665588191421
72 73 -3.5419858263079975 -3.3958797198428337 4.823365787785705 5.254015395244644
72 74 -3.9533118566526517 -3.5707243400799356 4.6088044899087 4.813240220975962
72 75 -3.6800168650348364 -3.406677012089183 4.341094633381603 4.345161363817269
72 88 -4.4236179727170235 -4.06600152347605 3.483417655689982 3.673532304394323
72 102 -5.08198501853885 -4.832073686422412 3.8622920804658127 3.9807891854487862
73 74 -3.598525194498382 -3.4630450445418366 5.125312397772729 5.41753009878891
73 75 -3.7376701026185972 -3.5407851225507425 5.153732964554307 5.294925029946235
74 75 -3.277188694753641 -2.967637939372519 5.322555308995919 5.598903418464484
74 76 -4.072748934045067 -3.7461988859526403 4.64219249594228 4.93186559078053
74 81 -4.955957959342998 -4.466100653873908 3.2225734964980752 3.5224116383382027
75 76 -3.022076437151663 -2.881315755969717 5.639950779448936 5.853607890417862
75 77 -4.443210526448936 -3.8843179241247077 4.194984953626778 4.594198085969707
76 77 -2.9550798877581403 -2.528689455802181 3.8446250242464113 3.9222973313145157
76 81 -5.318551636474527 -4.556579373088205 3.250207973833444 3.5386489812375834
76 85 -4.572027830066928 -3.9059174535577315 3.2272418021546003 3.7667126658936585
76 86 -5.096013625476853 -4.99912923711848 2.989486823298563 3.5761309799362064
76 101 -3.202898676552737 -2.83822376982116 5.08820278360626 5.318886210770869
77 101 -3.3129414921627864 -2.9381214446365154 4.539503776495973 4.952352960549065
77 109 -4.51944664200273 -3.996393830077431 3.6047469093832927 3.8644588873081873
77 110 -4.146531578422158 -3.8490761735556984 4.246788465123018 4.334141629806577
78 79 -2.0625499093499484 -1.9149395627316548 6.587335971224616 6.899126194609773
78 87 -4.410897617505857 -3.8018589016365 3.219453695256897 4.1061902183108705
78 99 -4.347154752016077 -3.3932128819157854 3.2998075238662206 4.128346966294468
79 80 -3.6761477466405843 -3.5668306876509344 4.997537023654768 5.230390877354766
79 94 -5.006164158712078 -4.8122502493213455 3.308765794422977 3.7330727158941026
79 95 -3.9399916327009614 -3.5439403184249003 3.1522441480717145 3.7601794648433224
79 96 -4.778470564972349 -4.355719976618786 3.363718550180427 3.9234241021635246
79 97 -4.234603047970803 -4.1651300882836795 2.6615047811173995 3.1872640303147652
79 99 -4.061387718963969 -3.3906627926793367 2.781848536090931 3.517764258252825
80 81 -3.0555462042711183 -2.6141166314029753 5.883170312147035 6.0067018987825245
80 82 -3.904536955627225 -3.472241894873777 4.396547200727913 4.905319366751463
80 84 -4.434186685792458 -3.83264267074055 3.309886107825709 3.661193603787205
80 95 -4.581124972504498 -4.516041902440872 3.7965180682080595 3.920270366670382
80 96 -4.295745059347623 -3.6461451526093067 3.3441395740242577 4.240574598299121
80 97 -5.184686353586455 -5.088159104029232 2.7761695582721897 3.107055678475331
80 106 -3.83272192045554 -3.5206236280695578 2.903816410240582 3.184959874747637
81 82 -3.282061506229124 -2.9946624271656286 5.192181533236358 5.578055760250757
81 83 -3.4577904071906698 -3.1242740012985952 4.269695957269406 4.877307803127404
81 84 -3.2611560845266445 -2.7765167898678933 5.034972131038981 5.123474929786191
81 85 -3.171497720603202 -2.8122524109974076 3.620949729105618 4.276150239744288
81 86 -4.438214472230977 -4.248970004799566 3.4792452926314392 3.7391589007643136
81 106 -4.328894402242722 -4.10909989103716 2.8233980630724718 3.234513839730401
82 83 -3.294897848753902 -2.8705677313183244 4.19989908991241 5.079119332617596
82 84 -4.081473463711073 -3.941228514420919 3.6781910881027975 4.2950995019109905
82 95 -5.069918114414646 -4.735899946906891 3.1738616872588854 3.5677205714770563
82 97 -4.986205112873702 -4.659890985491566 3.2871040431581187 3.7394251417595274
82 98 -4.657025924034413 -4.421258306564912 2.441350166912634 2.8760099192164
82 106 -3.2606328430384486 -2.9914925136995967 1.9781874166566005 2.8507263781584213
83 84 -3.424108697035364 -2.918060381351407 4.838887221589592 5.217435352001202
83 86 -4.253421886474087 -3.7092954511775638 3.1795553359039 4.001986345063059
83 87 -4.594863662734365 -3.964010368637511 3.621230293849673 3.8194014250086767
83 101 -4.280623081606216 -3.8142668965634754 3.6019302812062524 3.9815084311862092
84 85 -3.2376441400719114 -3.132028336358127 4.932306840051291 5.309364392772246
84 86 -3.298078665097577 -2.9192776896166266 4.377524999588514 4.6139564965228725
84 87 -4.329801637896369 -3.9459876383050974 3.6824076301121353 4.0984243451310975
84 97 -5.488409505428134 -5.028310479770839 3.1667922777727813 3.257961500888556
84 98 -4.625045594967784 -4.2912085234919335 3.656112357519346 3.9234409304915805
84 99 -4.144653207895766 -3.9507202880070156 3.6082447297987135 4.42014751501501
85 86 -3.197893596312611 -2.8359116679625185 5.058729288290995 5.684854280438313
85 87 -3.566656656657408 -2.995047802326379 4.688780371539647 5.401173546491784
85 100 -3.234338836074649 -3.1628565224517873 4.912128516385704 5.047699407076812
86 87 -3.0945211823801846 -2.921333640299576 5.317063837429164 5.508884413501453
86 101 -3.2545476276903655 -3.08555871046631 4.406776400570597 5.012215247210558
87 88 -3.4675106127473034 -3.1574524431696136 4.812270647845405 5.011891715049784
87 99 -3.560949892075377 -3.5196890912569976 3.706447932058414 4.527070300928783
87 100 -2.939771875389199 -2.6436801806407373 4.3574856941666535 5.115538499116934
87 101 -2.9956731607308082 -2.5243064478926525 4.29429034661307 5.216341109613222
87 102 -3.8997673491302023 -3.605600396846471 3.8086833529763786 3.9049331023392155
88 101 -4.230237563366763 -3.8485417802667805 4.672125396181693 4.72867683598565
88 102 -3.804815999969793 -3.3319776613112326 4.800561501763567 4.882976932549416
89 90 -2.2148606177629926 -1.5790629763523052 5.813331697131753 6.8382354600189865
89 91 -2.7059380291249475 -2.3895648817620576 5.748481024814051 6.033467902207161
89 102 -3.3811619599775704 -3.2940795912564966 4.661725075924226 4.795767523514875
89 103 -3.7102951696137527 -3.6762350820483034 3.5967539857075512 4.3609470528803005
89 108 -4.28120625581971 -4.118666408882161 3.9040394978411816 4.233927860076265
90 91 -3.487258878266163 -2.9322482056766557 4.80146669404654 5.122596014169437
90 92 -3.7655464682417947 -3.593303060532415 4.693233959813285 5.108944891095011
90 102 -4.26007736152902 -4.1944063503572 3.4623616680980165 4.53953181722585
90 108 -4.55380516196678 -4.4735516957525245 3.795315976326509 3.9759050194169094
90 109 -4.0611623271280735 -3.558978155056454 3.4707227937026963 3.8690955537767313
91 92 -3.0529243336672716 -2.760322392146019 4.873750171280454 5.729948899548818
92 93 -3.461382313099243 -2.9916602511325734 5.030087067334539 5.191445255217738
92 94 -3.47606403715582 -3.3947112227992418 5.444445853338244 5.460824400919182
92 95 -2.906825781241775 -2.7213438874979587 3.58422689412842 4.3164662792616495
92 109 -4.442397570767926 -4.039912983241966 3.4003650186179564 3.8289851418270584
92 110 -4.013000431753313 -3.605573711912908 4.595548656024671 4.8196740773891
93 94 -3.2453596726731644 -2.734948340104517 5.304014226996159 5.483113902531749
93 95 -3.7562818466785823 -3.2073130707624924 4.8062781085955955 4.954186069955691
93 104 -5.055741326607766 -4.725104376720484 3.084869288698853 3.4944605841186562
93 105 -4.052889165137561 -3.476802658323952 3.3230371071146574 4.099345184363048
93 110 -4.133753761452541 -3.896550032229765 4.358205221727193 4.618170468678794
93 111 -4.381461395166247 -4.121109217014528 4.052456480379732 4.3559724757796845
94 95 -3.282820797690783 -2.7986096050266656 5.3093216258639435 5.934739228314677
94 96 -3.909857412350615 -3.2314625744568137 4.536271738399249 5.4154976489418605
94 111 -4.504096791306735 -3.8368603282451925 3.877383230533146 4.617085243267895
95 96 -2.248806683461934 -2.025388074252611 4.773218146188637 5.1158143213171465
95 97 -3.131405122554649 -2.716737896305362 3.917631969443822 4.369816771850714
95 110 -4.382604310304774 -4.305300655811974 3.968331931509143 4.456512916911975
96 97 -3.4817749366993396 -3.076400571308487 4.456814671325809 5.012169577848491
97 98 -3.520853594606263 -3.3000462677475557 5.274962552765137 5.643559485975988
97 99 -2.948863803745311 -1.9119572765800839 3.6160990977247196 4.311929911569399
98 99 -3.4649001996343562 -3.23880350996088 5.037852911383798 5.107278493098307
99 100 -1.7980963772185732 -1.3502330579942634 3.691410782710693 4.529537127802758
100 102 -3.3117727782908477 -3.1055028340405926 3.95990916951963 4.0477963578386955
102 103 -3.6323218413144085 -3.51110819745519 4.779963398884512 5.083231383453985
102 104 -3.8317086667745697 -3.5857206717816226 4.3387729617852555 4.736595767862947
102 107 -3.4538758336334445 -3.1999958995685516 3.103389137900016 3.6314521168008493
102 108 -5.11113724732527 -4.610615692056741 3.314811789312142 3.7962160716105378
103 104 -3.0963356894041696 -2.7026688683732414 5.221032661356993 5.459521300706909
103 105 -3.8772734489940524 -3.514512537508422 4.794224739053059 5.262676272574217
103 106 -3.6115845483108484 -2.4574176933078298 4.0989259219642635 4.934354299072867
103 107 -3.855916735075705 -3.423375298344335 3.9981604016325325 4.587061261128377
103 108 -4.759965299577071 -4.447129913771978 2.9821887549739357 3.46069936332607
104 105 -3.030560557209463 -2.6992390051797104 5.435240891378089 5.948708842543353
104 106 -3.5174047532217663 -3.284275013371316 4.735779512711385 5.053355177787816
104 111 -4.4507006359400405 -4.284535659351394 2.850407736885783 3.386833682769787
105 106 -3.058732891162669 -2.858761437581253 5.425913075938213 5.76823662726554
105 108 -4.170444182947887 -3.2030895094401304 3.8920950524093025 4.3890333761502935
105 111 -5.65506853578784 -5.051103255116676 3.0255712329404996 3.7444468946402805
106 107 -3.6736176400685983 -3.1838711779414566 4.5555534804209135 4.885917784853902
106 108 -3.4428941523718226 -3.069782104043508 5.0163867554779 5.426366020901019
107 108 -2.987199206523328 -2.617572395423871 5.512315454375334 5.700646143966721
107 109 -2.873709132404718 -2.4000660170054995 3.025053874499456 3.402734187840184
108 109 -3.8784400237584604 -2.9433656530585703 5.126607813123624 5.399011957037583
109 110 -3.1347258212618545 -2.9941372054312647 5.271515978027815 5.928235819379976
