-5.328250860619799134e+00 -4.347833177175437491e+00 3.730425279192449040e+00 4.289936094945662859e+00
-5.037993045056186503e+00 -4.619663532483300195e+00 3.802192649170621497e+00 4.289085463916865848e+00
-5.067898112414021661e+00 -4.405998972614312947e+00 4.046386828630981647e+00 4.167105659317765998e+00
-5.405382551579708483e+00 -4.846483762781785387e+00 3.748231955736653909e+00 3.865883005445508225e+00
-5.177767735775070435e+00 -4.354709687401949303e+00 3.845295215210986051e+00 4.256419081668007642e+00
-4.680842155443379227e+00 -4.133643511835757067e+00 4.151564279466523288e+00 4.504897064330419809e+00
-4.791533437424067898e+00 -4.531006328557961815e+00 4.117610403158160182e+00 4.436398385155642110e+00
-5.184690937537678401e+00 -4.837260626133371488e+00 3.421228494305571743e+00 4.105827555523750227e+00
-5.020906601125046720e+00 -4.614932072828055176e+00 3.835045645567093153e+00 3.887949529060137799e+00
-4.030460357247642733e+00 -3.729738632608548432e+00 4.643931063977982276e+00 5.335986659266709786e+00
-5.191074032311978392e+00 -4.372083712713869197e+00 4.163367606596849235e+00 4.810343793050242844e+00
-5.165993431703825856e+00 -4.705926840138884515e+00 3.657983880296216128e+00 3.864095357269204722e+00
-5.458804196316838109e+00 -4.755666935957338026e+00 3.813364579640865948e+00 4.190126099813774374e+00
-5.853722016753404311e+00 -5.218795815124762427e+00 3.279604582149791892e+00 3.840233399286919536e+00
-5.171655474465646662e+00 -4.610289213995788948e+00 3.884317958533665127e+00 4.541044436486873614e+00
-5.818446120004853839e+00 -5.446377155693997274e+00 3.182786947050054938e+00 3.969480181992090628e+00
-5.330884316333437845e+00 -4.412241145412808763e+00 3.697844324409694128e+00 4.344860095632030905e+00
-5.787467510821992178e+00 -4.714785044454232299e+00 3.469265195156559400e+00 4.018062224246628844e+00
-5.415482187627589816e+00 -4.619081905601174043e+00 3.932841225656243722e+00 4.419900802582318100e+00
-5.334477508274342306e+00 -4.982999907537486450e+00 3.811780766148209931e+00 4.249784786057912100e+00
-5.169901021014809750e+00 -4.352595486583643591e+00 3.992194567362236768e+00 4.355478596417801107e+00
-5.172487515116591439e+00 -4.867957498513362680e+00 3.861941401080456249e+00 4.681538235035838547e+00
-3.705163404119837800e+00 -3.589694142293653023e+00 5.161631203584886585e+00 5.692107804864415144e+00
-3.536625265534093732e+00 -3.288058492231359153e+00 5.308815832693463577e+00 5.924662997256652908e+00
-4.853647436057208608e+00 -4.706155796084131815e+00 4.070698321638566597e+00 4.493189969213465140e+00
-5.440868564862176626e+00 -4.570743060602262986e+00 3.897486066164819185e+00 4.218261194005035186e+00
-5.423568882576609518e+00 -4.403399750717175820e+00 4.000751940108977500e+00 4.212290940427926067e+00
-5.166294222186675000e+00 -4.913845927494270960e+00 3.886139375583310240e+00 4.178725391040055470e+00
-4.914510908542423451e+00 -4.478850963292991594e+00 3.811060446852528205e+00 4.167458876279452440e+00
-5.316833073718761682e+00 -4.441349511791350402e+00 3.675558466972445704e+00 4.513942205181620260e+00
-5.371871916473618391e+00 -4.756998653143240219e+00 3.582525898805302589e+00 4.256635999869605946e+00
-5.397626767545847137e+00 -4.778571196272092259e+00 3.708817749834381949e+00 3.923613538392478173e+00
-5.826805027081462640e+00 -5.116340553514306499e+00 3.554814629649662105e+00 3.689260340067805011e+00
-5.234284932834637694e+00 -4.622914891279707561e+00 3.690722556976273605e+00 4.380618804582674386e+00
-5.304502120110472063e+00 -4.582111324051659551e+00 4.209071108624440782e+00 4.482048503296539366e+00
-4.232888248034043954e+00 -3.619498302440026016e+00 4.691648613988661509e+00 5.051872447464586635e+00
-5.132134462689968757e+00 -4.243806866716409054e+00 4.128427813467071772e+00 4.433690501749106616e+00
-5.529710210911162882e+00 -4.743903756723743648e+00 3.394634836871181172e+00 3.645114404292353338e+00
-5.302823868746370906e+00 -4.688106755669460668e+00 3.837665005974192134e+00 4.335398579507826256e+00
-5.587132261840784153e+00 -4.750772358675375173e+00 3.889407647855249728e+00 4.343771110719889528e+00
-5.605845256614459871e+00 -4.408928534544879874e+00 3.733854487887537044e+00 4.090214577241064298e+00
-5.163337800889792106e+00 -4.607952606793300987e+00 3.721864182074698935e+00 4.146221992486478491e+00
-5.685723583912027479e+00 -5.316817234320789787e+00 3.370446641555970846e+00 3.939279577930165921e+00
-5.476010548315285220e+00 -4.733054369021395757e+00 3.598441406276843502e+00 4.134623760360284450e+00
-5.379817934207679286e+00 -4.885464575380646934e+00 3.572575831760846476e+00 3.763735840051873449e+00
-3.694667608630898936e+00 -3.501115147413487172e+00 5.608551198929619730e+00 5.932330029243690461e+00
-4.150515555867116291e+00 -3.584336151633137124e+00 5.180970850913077186e+00 5.284551586037336435e+00
-5.140232408232129124e+00 -4.606548711760426684e+00 4.119654435889307464e+00 4.353768795379392209e+00
-5.374076903751367595e+00 -4.698538277610890823e+00 3.584656632620015326e+00 3.902602859113128986e+00
-4.791212445217748694e+00 -4.665927430115884178e+00 3.769448284798500914e+00 4.598005649189141231e+00
-5.143974495800793356e+00 -4.823906657801462217e+00 3.870110472262772827e+00 4.275160511165803534e+00
-5.497039871477063855e+00 -4.792816463245067382e+00 3.692440580893454616e+00 4.109414232126315625e+00
-5.383262290185801824e+00 -4.515673481426431657e+00 3.913259290283946701e+00 4.261056503530356920e+00
-5.172117444972747613e+00 -4.696277430605832137e+00 3.926619408106949649e+00 4.021076872858261986e+00
-5.213369906281348776e+00 -4.859697444942232991e+00 2.899686953877332662e+00 3.595535539512517254e+00
-5.061994053854777853e+00 -4.861669268095583085e+00 3.488958583161164917e+00 4.307780629577158571e+00
-5.572482580882442527e+00 -4.549323594419012906e+00 3.549601728209574869e+00 4.030390326590238992e+00
-4.667847768321374602e+00 -4.456780379954055960e+00 3.555116924921608135e+00 4.011663419457356383e+00
-3.969194075749760575e+00 -3.821401498444891409e+00 5.047751890773029437e+00 5.387483609425560260e+00
-5.232164917512012181e+00 -4.678659931359100632e+00 3.739852531297948701e+00 4.133458812835306695e+00
-5.201079761483126340e+00 -4.903040111493362829e+00 3.663989720211830114e+00 4.707026903200582701e+00
-5.447771219590243241e+00 -4.611029357396770223e+00 3.535121062816794613e+00 3.849219936789793461e+00
-4.937214472116639108e+00 -4.851591128053158286e+00 3.715560151621564611e+00 4.365899204774994935e+00
-4.946102775253392814e+00 -4.737628480175096080e+00 3.777502905258109500e+00 4.168178768252252198e+00
-5.027599244958493863e+00 -4.619935700298315240e+00 3.937378385996848973e+00 4.453785372774312634e+00
-4.080414129376806365e+00 -3.784949911210039097e+00 4.867377913079149465e+00 5.775429341531808980e+00
-3.861651128154214074e+00 -3.452561111927847204e+00 5.784976527573387983e+00 6.402466586284145222e+00
-5.465729862759435065e+00 -4.519590836156871738e+00 4.015716772920454147e+00 4.290202324947115287e+00
-5.472689512870300810e+00 -4.562102119653152599e+00 3.810596704434711768e+00 4.241193607017327949e+00
-4.979202187857313611e+00 -4.853524734285153741e+00 4.075712479929700649e+00 4.623445446927402891e+00
-5.818713700381655585e+00 -4.761075077564066227e+00 3.506833843132113770e+00 4.000891764435054121e+00
-5.607360418893873266e+00 -4.838194624803590749e+00 3.744699495913893728e+00 4.211270794669656148e+00
-5.274954437037618682e+00 -4.973659730668368972e+00 3.906172417582683742e+00 4.112478234562672696e+00
-5.240795742565805604e+00 -4.956154395421902059e+00 3.451388984337251831e+00 4.071830174448594519e+00
-5.414942829026888838e+00 -4.790578905190002956e+00 3.736092895032987027e+00 4.055705141777084854e+00
-4.860215377415793903e+00 -4.497424848823320609e+00 4.546252518172960499e+00 5.251427960456291899e+00
-5.346255589210369585e+00 -4.980997588336245840e+00 3.631694903803861507e+00 4.000129989698037569e+00
-5.449673325569069249e+00 -4.905361456511693419e+00 3.862198667693881315e+00 4.227676328606626122e+00
-4.284323783056960266e+00 -3.683714144750825259e+00 5.329018129829889538e+00 5.712711417403936842e+00
-5.071572762605497608e+00 -4.724769119508392734e+00 3.671940912335534435e+00 4.400311768612256813e+00
-5.290924595502038308e+00 -4.519494972924820608e+00 3.878024985540204472e+00 4.132769265611032417e+00
-4.949192668422087493e+00 -4.158696831947693795e+00 4.043620716402609006e+00 4.558112756991151038e+00
-5.109677923521430465e+00 -4.600519057180547655e+00 3.674732556132105366e+00 4.710899784812840885e+00
-4.999305713751534874e+00 -4.686370355180670799e+00 3.643305406266131641e+00 4.093284120022390837e+00
-5.165136398667044659e+00 -4.921903954869740083e+00 3.506921388541108353e+00 3.873639390253175385e+00
-5.168321467487200671e+00 -4.574427190979656110e+00 3.921590756947917811e+00 4.597621995410384521e+00
-4.928523145758678226e+00 -4.221139414708432014e+00 3.562977728529676646e+00 4.515351151392262175e+00
-4.634549443121118273e+00 -4.382431672805670253e+00 3.297102259476669683e+00 4.442486902232356982e+00
-5.730068810447238370e+00 -5.134625350716633285e+00 3.860977075775959833e+00 3.949480722543991185e+00
-3.932285230141659316e+00 -3.781280318617391334e+00 5.186710274438648405e+00 5.411154052452761043e+00
-5.428956573347780257e+00 -4.951463311123735167e+00 3.197489418698949315e+00 4.356951257746435324e+00
-5.210335359373068798e+00 -4.743161998517689604e+00 3.778523486817509269e+00 3.873570635642474613e+00
-5.117794662933562222e+00 -4.689040300033675557e+00 3.668061009461387911e+00 4.516041510304256157e+00
-5.595878715145386373e+00 -4.706493405159791088e+00 3.810259536233657762e+00 4.133371116647455601e+00
-5.366993018501458046e+00 -4.578924612531522165e+00 3.937584787999312663e+00 4.276474065884331210e+00
-5.355640152140554555e+00 -4.473137491767975149e+00 3.883888553065202309e+00 4.454688661114688308e+00
-5.052642556581319333e+00 -4.592572849813328695e+00 3.859488539235217175e+00 4.782893625758548595e+00
-5.286737873871969917e+00 -5.038966466208416151e+00 3.413587743678452302e+00 3.923684341568077549e+00
-5.402479826163899546e+00 -4.794405353060018804e+00 3.686479328176061721e+00 4.228589462390345943e+00
-5.231155991869356647e+00 -4.617226049344801631e+00 3.750230455980951838e+00 4.509922705399959320e+00
-3.682333974214784256e+00 -3.115653239578422440e+00 4.957193840284246811e+00 5.910894054933449659e+00
-3.846753430492206416e+00 -3.471960302732284731e+00 5.238773057321330917e+00 5.949181003180948224e+00
-5.049824027654302938e+00 -4.872923794817698884e+00 4.170027423420136437e+00 4.283885491026074632e+00
-5.296734577185738146e+00 -4.735943597437290542e+00 3.587123510959215889e+00 4.397077477839864912e+00
-5.719048657014039527e+00 -4.879467462226253716e+00 3.668261243134590011e+00 4.203879780564916402e+00
-4.953537111435743157e+00 -4.549836311487417184e+00 3.517537084601433772e+00 4.187774538956012371e+00
-4.667662058882340759e+00 -4.364108987945052753e+00 3.672197152040066914e+00 4.593636971250407264e+00
-4.860196842690187147e+00 -4.627346793368757538e+00 3.723605932085746861e+00 4.277635243646240149e+00
-5.606929403953314406e+00 -4.716269113350340270e+00 3.645850880858607646e+00 3.990245262898570733e+00
-5.578362651551731943e+00 -5.056779933630780377e+00 3.795595009123704511e+00 4.193100812479723771e+00
-4.309467508031050720e+00 -3.905056027273321462e+00 4.820638813834191794e+00 5.140580999050417432e+00
-5.654659291901082518e+00 -5.428850781469583886e+00 3.457693121984192874e+00 4.070187746496626957e+00
